-----------------
Displaying the final results
-----------------

Confusion matrix :
[[33 28 20 17 21 15  9 13 17 12]
 [22 19 19 20 22 12 14 14 14  8]
 [16 20 14 12  8  5  7 11 11 11]
 [19 12 11  5  8  5  6 12  7  7]
 [13  9  7 10  4  9  8  9  6  8]
 [20 11  8  7  9  5  6  6  9  5]
 [12 11  5  6  8  7 12 11  2  5]
 [12  8  6  8  4  2  8  5  4  3]
 [19 11  7  3  2  3  6  6  6  3]
 [16  8 10  7  5  5  8  6  2  3]]
 accuracy : 0.106
PCA's execution time : 243.4988889694214
LinearSVM's execution time : 37.148332595825195
Total time : 280.6472215652466