-----------------
Displaying the final results
-----------------

Confusion matrix :
[[65 40 32 52 35 37 37 17 51 12]
 [36 28 29 47 43 21 36 14 29 19]
 [45 26 24 29 24 19 22 13 18 16]
 [39 17 24 27 21 20 13  8 22  8]
 [30 11 21 21 16 12 14 12 23 11]
 [24 19 15 22 14 13 16  5 17  7]
 [29 17 12 23 18 10 16  6 14 14]
 [34 13 13 12 12 13 11  8 13  9]
 [31 15 12 18 13 12 11  5  5  5]
 [26 15 16 20 10 16  6  8 15  6]]
 accuracy : 0.104
PCA's execution time : 391.2679100036621
LinearSVM's execution time : 123.1897451877594
Total time : 514.4576551914215