-----------------
Displaying the final results
-----------------

Confusion matrix :
[[105  87  99  40 183  36  41  63 155 179]
 [ 73  80  81  44 126  45  60  85  89  92]
 [ 50  47  57  37  92  29  48  48  79  74]
 [ 60  27  36  28  90  39  47  22  17 130]
 [ 45  33  32  30  72  30  55  36  37  80]
 [ 38  26  26  35  50  31  57  18  11  89]
 [ 51  18  49  14  44  22  32  46  58  42]
 [ 29  19  19  23  58  16  69  13  17  53]
 [ 31  24  24  27  49  19  39  26  27  52]
 [ 46  26  21  21  35  34  61  25  15  55]]
 accuracy : 0.1
PCA's execution time : 391.2679100036621
LinearSVM's execution time : 414.24262261390686
Total time : 805.510532617569