-----------------
Displaying the final results
-----------------

Confusion matrix :
[[33 27 19 17 22 17  9 12 16 13]
 [21 20 19 18 21 13 14 14 15  9]
 [16 21 14 12  8  5  7 10 11 11]
 [19 12 11  5  8  5  6 12  7  7]
 [13  9  7 10  4  9  8  9  6  8]
 [20 11  8  7  9  5  6  6  9  5]
 [12 11  5  6  8  7 12 11  2  5]
 [12  8  7  8  4  2  8  4  4  3]
 [19 11  7  3  2  3  6  6  6  3]
 [16  8 10  7  5  5  8  6  2  3]]
 accuracy : 0.106
PCA's execution time : 140.16440176963806
LinearSVM's execution time : 71.0953299999237
Total time : 211.25973176956177