-----------------
Displaying the final results
-----------------

Confusion matrix :
[[34 26 19 15 21 17  9 14 17 13]
 [23 19 20 19 21 13 14 13 13  9]
 [16 20 14 11  8  5  7 12 11 11]
 [18 12 11  6  8  5  6 11  8  7]
 [14  9  7  9  4  9  8  9  6  8]
 [20 11  8  7  9  5  6  5 10  5]
 [11 11  5  6  8  7 13 11  2  5]
 [12  7  6  8  4  2  7  7  4  3]
 [19 11  7  3  2  2  5  8  5  4]
 [16  9  8  6  5  5  7  9  2  3]]
 accuracy : 0.11
PCA's execution time : 391.2679100036621
LinearSVM's execution time : 55.68956208229065
Total time : 446.95747208595276