-----------------
Displaying the final results
-----------------

Confusion matrix :
[[266 144 116 104  83  54  61  60  39  61]
 [161 144  94  74  78  51  47  45  46  35]
 [110  83  64  58  54  52  49  41  29  21]
 [118  63  41  68  47  43  31  28  34  23]
 [ 87  55  51  47  44  36  45  40  27  18]
 [ 79  52  35  40  37  38  34  26  18  22]
 [ 78  63  39  44  41  16  26  26  26  17]
 [ 70  41  30  38  31  27  22  29  16  12]
 [ 61  44  39  28  33  26  13  25  39  10]
 [ 66  51  34  26  37  27  21  32  19  26]]
 accuracy : 0.1488
LinearSVM's execution time : 264.6906313896179