-----------------
Displaying the final results
-----------------

Confusion matrix :
[[131  48  38  48  37  25  13  13  15  10]
 [ 89  34  44  45  24  15   7  14  22   8]
 [ 52  24  29  32  22  19  15  18  15  10]
 [ 50  29  17  22  22  23   9  11  10   6]
 [ 24  21  26  25  16  17   5  17  10  10]
 [ 27  34   7  14  16  25   6   9   9   5]
 [ 41  18  25  15   8   6  16   9  14   7]
 [ 33  21  15  10  18  11   6  13   2   9]
 [ 32  15  18   9   9  12   7   7   8  10]
 [ 26  22  16  15   5  11  11  15   7  10]]
 accuracy : 0.152
LinearSVM's execution time : 39.5872859954834