-----------------
Displaying the final results
-----------------

Confusion matrix :
[[313 169  90  98  82  64  51  50  31  40]
 [171 155  78  83  68  48  57  45  48  22]
 [118  74  99  52  48  38  47  27  27  31]
 [105  77  40  83  36  30  35  29  28  33]
 [ 72  66  73  49  54  25  22  46  22  21]
 [ 76  60  40  38  30  54  21  27  14  21]
 [ 66  70  37  52  35  25  42  15  24  10]
 [ 53  42  42  28  28  44  25  26  12  16]
 [ 57  39  45  35  23  29  24  15  37  14]
 [ 69  52  36  41  31  25  23  20  14  28]]
 accuracy : 0.1782
LinearSVM's execution time : 1133.416338443756