-----------------
Displaying the final results
-----------------

Confusion matrix :
[[127  59  41  25  39  17  22  16  14  18]
 [ 71  52  47  25  21  17  19  19  22   9]
 [ 54  26  31  17  24  16  22  20  19   7]
 [ 47  26  14  31  16  25  14  14   8   4]
 [ 27  15  29  21  17  14   4  33   9   2]
 [ 27  28  15  11   8  22  13  11  10   7]
 [ 31  21  23  13  11  12  19   9  10  10]
 [ 26  20  18  12  14  12   5  19   8   4]
 [ 18  18  21  18  13   5   2  11  17   4]
 [ 25  18  11  21  15   2   9  27   1   9]]
 accuracy : 0.172
LinearSVM's execution time : 61.59690070152283