-----------------
Displaying the final results
-----------------

Confusion matrix :
[[57  8 25 12 16 27  7 18 10  5]
 [36 18 20 10 19 17  4 20 11  9]
 [28 11 15 10  5 19  4 12  8  3]
 [21  8 12  7  6 13  5 13  4  3]
 [16  9 12  7  6 13  3  8  8  1]
 [20  9 16  5  4  8  5 10  6  3]
 [22 10 13  9  0  9  3  4  5  4]
 [12  8  4  3  4  7  6  6  4  6]
 [10  5  3  5  7 16  7  6  5  2]
 [20  8 11  7  3  6  2  6  3  4]]
 accuracy : 0.129
PCA's execution time : 243.87546372413635
LinearSVM's execution time : 48.09649062156677
Total time : 291.9719543457031