-----------------
Displaying the final results
-----------------

Confusion matrix :
[[57 45 27 46 46 40 44 18 18 37]
 [48 37 24 37 27 31 43  8 17 30]
 [39 31 12 35 35 14 18 25 14 13]
 [32 32 20 23 21 18  8 12 12 21]
 [19 29 14 25 30 15  8 11  3 17]
 [20 31 10 18 18  9 15 11  3 17]
 [17 27 13 18 22 11 16 10  8 17]
 [19 18 13 16 11 15 13 15  8 10]
 [12 15 11  9 19 15 12 12  7 15]
 [14 21 13 16 15 15 14 10  5 15]]
 accuracy : 0.1105
PCA's execution time : 394.74649572372437
LinearSVM's execution time : 154.17951202392578
Total time : 548.9260077476501