-----------------
Displaying the final results
-----------------

Confusion matrix :
[[204  93  74 130 159 113  72  57  50  36]
 [136  82  65 138 109  92  58  30  42  23]
 [100  59  45  92  87  77  42  27  21  11]
 [ 86  50  35  66  78  78  32  29  28  14]
 [ 84  47  25  68  72  57  29  18  22  28]
 [ 79  35  21  63  52  49  17  21  20  24]
 [ 66  32  21  59  59  77  12  15  16  19]
 [ 50  30  15  60  40  61  20  11  13  16]
 [ 52  23  18  44  50  66  17  13  16  19]
 [ 60  38  20  58  43  47  15  10  19  29]]
 accuracy : 0.1172
PCA's execution time : 394.74649572372437
LinearSVM's execution time : 409.658802986145
Total time : 804.4052987098694