-----------------
Displaying the final results
-----------------

Confusion matrix :
[[22 12 19 27 23  7 24 12 10 29]
 [23 18 20 18 26  9 12 10 13 15]
 [14 11 15 20 10  5 15  8 10  7]
 [11  8 10 11 19  6  8  6  9  4]
 [ 9  8  9 18  4  5  7  6 10  7]
 [13  9 10 10  9  2 13  8  4  8]
 [13  5  9 13  8  1 14  0 10  6]
 [ 7  7  3 11  7  2  9  7  2  5]
 [ 7  7  7  8  5  5 10  6  3  8]
 [13  7  5 13  8  0  7  3  7  7]]
 accuracy : 0.103
PCA's execution time : 394.74649572372437
LinearSVM's execution time : 71.08094215393066
Total time : 465.82743787765503