-----------------
Displaying the final results
-----------------

Confusion matrix :
[[22 11 21 24 35  5  8 13 43  3]
 [18 17 22 18 26  7  7  9 34  6]
 [14 13 17 17 12  7  3  6 23  3]
 [13 10  9 12 12  4  2  4 24  2]
 [ 6 10 10 10  9  3  5  6 21  3]
 [13 11 14 14 10  3  1  7  9  4]
 [10  8  8 12 12  2  2  0 23  2]
 [ 8 10  3 13  4  1  4  7  9  1]
 [ 5  5  6  9 14  4  5  5 10  3]
 [14  7  8  5  7  1  1  2 20  5]]
 accuracy : 0.104
PCA's execution time : 136.5895745754242
LinearSVM's execution time : 90.79725122451782
Total time : 227.38682579994202