-----------------
Displaying the final results
-----------------

Confusion matrix :
[[85 36 18 10 10  8  5  6  4  3]
 [75 30 21  7  6 10  1  7  3  4]
 [56 20  9  7  5  8  2  3  3  2]
 [34 15  8 16  2  7  4  4  1  1]
 [40 15  5  4  4  5  3  2  1  4]
 [27 19 14  7  8  4  1  2  2  2]
 [32 14 10  0 12  5  2  0  4  0]
 [18 12  7  8  6  2  3  3  1  0]
 [31 12  6  3  5  4  0  3  1  1]
 [36  5  8  5  3  5  1  2  4  1]]
 accuracy : 0.155
PCA's execution time : 247.10570240020752
KNN's execution time : 2.328296661376953
Total time : 249.43399906158447