-----------------
Displaying the final results
-----------------

Confusion matrix :
[[92 25 22 12 10  9  5  6  3  1]
 [59 28 23 12 18  8  0  7  8  1]
 [54 11 13  9 17  2  2  1  5  1]
 [44 14  8  3  8  5  6  1  2  1]
 [43 10  9  5  4  3  0  0  8  1]
 [50  9  5  8  5  1  3  3  1  1]
 [29 11  6  7 11  6  4  1  3  1]
 [26  8  5  3 10  1  1  3  3  0]
 [32 10  2  4  6  2  2  3  5  0]
 [32 13  4  2  8  4  2  3  2  0]]
 accuracy : 0.153
PCA's execution time : 1.4793288707733154
KNN's execution time : 1.5872297286987305
Total time : 3.066558599472046