-----------------
Displaying the final results
-----------------

Confusion matrix :
[[395 211 116  81  28  39  18  36  42  22]
 [322 172  84  44  29  28  25  27  21  23]
 [229  98  58  45  28  17  12  29  24  21]
 [166  74  52 104  22  11  13  19  21  14]
 [181  84  50  26  28  20  12  16  20  13]
 [156  72  53  24  20   6  13  17  10  10]
 [139  74  39  24  36  14   8  26   7   9]
 [142  53  43  20  12   7   7  16   8   8]
 [124  59  41  18  24  13   5  11  12  11]
 [133  73  42  17  18  12  11   9  11  13]]
 accuracy : 0.1624
PCA's execution time : 394.74649572372437
KNN's execution time : 70.09903693199158
Total time : 464.84553265571594