-----------------
Displaying the final results
-----------------

Confusion matrix :
[[151  64  51  35  27  15  11  12   5   7]
 [150  55  23  16   9   9  10   8  12  10]
 [110  30  20  20  16  11  10   9   6   4]
 [ 73  29  23  32  11   8  12   2   5   4]
 [ 79  29  17  13   4   5   8   3   6   7]
 [ 47  35  14  14  16   4   7   6   2   7]
 [ 73  24  15  11  21   7   4   1   3   0]
 [ 48  34  14  10   8   7   7   3   6   1]
 [ 67  23   9   7   6   6   0   2   3   4]
 [ 54  29  13  10  10   7   3   3   8   1]]
 accuracy : 0.1385
PCA's execution time : 394.74649572372437
KNN's execution time : 13.469635963439941
Total time : 408.2161316871643