-----------------
Displaying the final results
-----------------

Confusion matrix :
[[85 17 32 14 17 11  1  4  2  2]
 [80 22 15 12 11 11  0  5  3  5]
 [59 15  4 13  8  5  1  4  3  3]
 [40  8  7 22  7  4  0  2  0  2]
 [40  9  6  8  8  4  2  2  2  2]
 [39 15 14  6  4  3  1  2  2  0]
 [41 14  6  5 10  2  0  0  0  1]
 [23 11  8  7  4  5  0  1  1  0]
 [34  7  5  7  4  7  0  1  1  0]
 [35  8 10  2  6  6  1  2  0  0]]
 accuracy : 0.146
PCA's execution time : 394.74649572372437
KNN's execution time : 3.7189788818359375
Total time : 398.4654746055603