-----------------
Displaying the final results
-----------------

Confusion matrix :
[[102  19  22  15  17   6   2   1   1   0]
 [ 87  21  15   8  11   7   2   6   2   5]
 [ 66  15   6  10   8   5   2   1   2   0]
 [ 41   9   9  17   9   5   0   2   0   0]
 [ 47   6   5   5   7   6   2   2   2   1]
 [ 42  11  13   2   8   5   1   3   1   0]
 [ 45   6  10   5   8   0   0   2   3   0]
 [ 30   5   6   5   4   4   1   1   4   0]
 [ 37   4   5   5   4   8   0   1   1   1]
 [ 36   8   9   0   7   7   0   1   1   1]]
 accuracy : 0.161
PCA's execution time : 136.5895745754242
KNN's execution time : 4.812794923782349
Total time : 141.40236949920654