-----------------
Displaying the final results
-----------------

Confusion matrix :
[[173   5   1   2   0   0   0   0   2   2]
 [ 72  58   6  10   0   1   4  11   0   2]
 [ 61  18  14   6   2   0   3   8   1   2]
 [ 33   2   1  44   0   2   0   5   0   5]
 [ 28   2   8  11  16   2   0  12   1   3]
 [ 23   1   2  22   5   8   0  13   0  12]
 [ 45  11   4   4   0   0   6   6   3   0]
 [ 14   3   6   7   3   6   0  17   1   3]
 [ 15   2   3   9   3   0   1  11  12  10]
 [ 14   5   5  13   0   5   0  16   0  12]]
 accuracy : 0.36
KNN's execution time : 8.519872903823853