-----------------
Displaying the final results
-----------------

Confusion matrix :
[[157   7   1  14   0   2   0   1   1   2]
 [ 73  51   5   9   2   3   2  13   3   3]
 [ 59  12  22   7   5   1   2   6   0   1]
 [ 32   3   4  44   0   0   0   2   1   6]
 [ 29   5   6  10  18   3   1   6   2   3]
 [ 19   7   4  17   3  19   0  10   2   5]
 [ 39   8   9   1   3   0  12   5   1   1]
 [  8   9   9   6   3   6   1  15   0   3]
 [ 14   6   7   8   1   3   0   6  12   9]
 [ 16   9   5   8   3   6   0   9   1  13]]
 accuracy : 0.363
KNN's execution time : 8.48045563697815