-----------------
Displaying the final results
-----------------

Confusion matrix :
[[844  28  33  29  11   6  15   9   6   7]
 [248 365  62  19  11   7  25  21  10   7]
 [232  57 173  16  19   6  15  20   6  17]
 [115  16  12 303  11  11   0   7   8  13]
 [124  41  50  33 101  40   4  28  13  16]
 [ 80  24  22  81  31  77   0  28   8  30]
 [145  41  13   5  10   1 148   2   6   5]
 [ 70  30  32  20  19  52   1  58  10  24]
 [ 72  39  17  15  21  11   7  25  71  40]
 [ 42  19  12  32  17  19   3  11  23 161]]
 accuracy : 0.4602
KNN's execution time : 197.00718188285828