-----------------
Displaying the final results
-----------------

Confusion matrix :
[[159   6   5   9   0   2   0   0   1   3]
 [ 66  57   5   9   2   3   2  17   1   2]
 [ 58  14  22   5   4   4   2   5   0   1]
 [ 30   2   2  46   0   2   0   5   0   5]
 [ 25   5   7  12  15   4   2   9   1   3]
 [ 19   1   4  20   3  16   1  15   0   7]
 [ 39  13   5   4   0   0  11   5   2   0]
 [ 11   5   5   7   3  10   0  13   2   4]
 [ 18   5   8   7   2   1   0   8   8   9]
 [ 15   4   9  10   2   7   0  12   0  11]]
 accuracy : 0.358
KNN's execution time : 8.422447204589844