-----------------
Displaying the final results
-----------------

Confusion matrix :
[[326  15   5  17   6   2   3   2   0   2]
 [115 126  17   6   9   2   6  14   4   3]
 [105  23  68   6  10   8   3   7   1   5]
 [ 48   8   7 109   7   8   0   3   3   6]
 [ 47  17  23  13  36   9   2  14   3   7]
 [ 25  13   7  28   9  42   1  19   3   5]
 [ 75  24   7   4   1   5  35   5   3   0]
 [ 27  12  10  13  16  19   3  24   3  11]
 [ 28  17   6  11   9   4   2  10  18  22]
 [ 20   9  15  13   8  12   1  17   9  34]]
 accuracy : 0.409
KNN's execution time : 33.80895972251892