-----------------
Displaying the final results
-----------------

Confusion matrix :
[[80 24 18  8  8 17  3 14  2 11]
 [69 11 12 25 11 15  2 12  2  5]
 [38 11  9 15  9 11  4 13  1  4]
 [43 12 11  8  2  6  2  3  2  3]
 [55  2 11  2  1  2  2  2  2  4]
 [61  7  6  2  3  3  1  1  2  0]
 [35  7  2 12  7  9  1  5  1  0]
 [32  3  8  4  1  2  1  3  1  5]
 [49  7  2  1  1  2  1  1  0  2]
 [43  7  4  6  0  5  2  1  1  1]]
 accuracy : 0.117
PCA's execution time : 244.31249690055847
KNN's execution time : 4.344192266464233
Total time : 248.6566891670227