-----------------
Displaying the final results
-----------------

Confusion matrix :
[[78 14 24  8 13 13  7 13  3 12]
 [69 13 15 25 10 12  3 14  1  2]
 [54  8 13 12  6  7  3  6  0  6]
 [47 13  8  8  3  5  0  4  2  2]
 [52  6  6  6  1  2  1  3  1  5]
 [64  4  9  4  0  2  0  1  1  1]
 [43  5  2 10  4  9  1  3  0  2]
 [33  3  5  6  2  2  1  1  4  3]
 [42 10  1  5  0  0  1  1  0  6]
 [47  8  2  6  1  1  0  1  1  3]]
 accuracy : 0.12
PCA's execution time : 391.2679100036621
KNN's execution time : 6.531684875488281
Total time : 397.7995948791504