-----------------
Displaying the final results
-----------------

Confusion matrix :
[[80 15 25  9 13 11  6 16  1  9]
 [80  9 17 29  8  4  3 11  0  3]
 [52  6 11 16  9  5  0 10  1  5]
 [49 16  5  8  1  4  0  3  1  5]
 [47  8 10  1  3  1  1  2  2  8]
 [65  5  6  5  0  0  1  3  0  1]
 [45  5  5 10  3  2  1  4  2  2]
 [41  1  6  2  1  2  1  0  3  3]
 [47  4  2  4  1  1  1  0  0  6]
 [45  6  0 10  2  1  2  0  2  2]]
 accuracy : 0.114
PCA's execution time : 140.16440176963806
KNN's execution time : 8.888200759887695
Total time : 149.05260252952576