-----------------
Displaying the final results
-----------------

Confusion matrix :
[[132  50  29  20  20  49   7  32   8  31]
 [129  31  21  37  14  25   3  19   3  20]
 [104  21  19  27  12  16   7  15   4  11]
 [ 95  44  12   9   7  10   4  10   3   5]
 [104  13  11   5   7   8   4   4   7   8]
 [ 98  11  12   4   8   5   3   1   5   5]
 [ 76  16  11  22   4  12   0  10   0   8]
 [ 80  17   8   9   5   7   1   1   4   6]
 [ 75  19   6   6   3   5   7   1   3   2]
 [ 84  15   8  14   3   4   1   4   1   4]]
 accuracy : 0.1055
PCA's execution time : 391.2679100036621
KNN's execution time : 26.548794269561768
Total time : 417.8167042732239