-----------------
Displaying the final results
-----------------

Confusion matrix :
[[323 137  92  52  65  75  34 104  37  69]
 [289  65  57  99  38  63  27  78  20  39]
 [224  48  63  53  25  45  16  33  23  31]
 [235  75  40  31  11  21  21  27  13  22]
 [227  44  40  20  18  11  16  22  25  27]
 [235  25  35  25   9  10  11  12  10   9]
 [161  45  44  49  15  21   1  23   8   9]
 [186  20  31  28  10  10   1   8  11  11]
 [180  35  18  23   5  14   9  17  10   7]
 [209  35  20  35   6   9   7   7   4   7]]
 accuracy : 0.1072
PCA's execution time : 391.2679100036621
KNN's execution time : 153.80063366889954
Total time : 545.0685436725616