-----------------
Displaying the final results
-----------------

Confusion matrix :
[[34 20 19 28 12 20 11 16 12 13]
 [32 24 25 19 21 13  7  8  9  6]
 [18 13 15 18 11 14  4  8  8  6]
 [26 11 15 10  6 10  8  2  3  1]
 [16  7 10  7 13 11  6  3  8  2]
 [19 11  9 10 10  7 10  6  1  3]
 [15 16 10  9  6  9  6  2  2  4]
 [14  7  7  6  8  4  4  2  3  5]
 [15  2  8  8  7 10  2  9  2  3]
 [14 15  7  8  3  8  4  5  4  2]]
 accuracy : 0.115
PCA's execution time : 385.2192921638489
LinearSVM's execution time : 8.750575304031372
Total time : 393.96986746788025