-----------------
Displaying the final results
-----------------

Confusion matrix :
[[109  41  50  40  28  24  22  31  20  13]
 [ 74  34  38  37  28  19  18  27  13  14]
 [ 45  33  36  13  31  19   8  32  13   6]
 [ 55  24  21  15  20  34  14   3   6   7]
 [ 48  20  27  16  15   7   4  15  11   8]
 [ 38  21  23  18  11   9  10  12   3   7]
 [ 37  24  12  17  21  15  11   6  10   6]
 [ 30  15  22  11   7  17   7   9  11   9]
 [ 23  22  11  12   8  18   5  14   8   6]
 [ 30  23  18  17  10  11   7  10   6   6]]
 accuracy : 0.126
PCA's execution time : 385.2192921638489
LinearSVM's execution time : 50.881279706954956
Total time : 436.10057187080383