-----------------
Displaying the final results
-----------------

Confusion matrix :
[[239 151 136 126  86  60  49  65  42  34]
 [185 119  91  92  64  55  39  49  41  40]
 [114  84  67  54  42  43  43  50  37  27]
 [134  68  64  56  36  30  28  30  25  25]
 [ 83  58  63  55  45  23  38  35  18  32]
 [ 92  47  44  43  24  26  35  30  18  22]
 [ 87  64  41  57  32  17  22  22  18  16]
 [ 70  47  44  31  25  18  22  18  14  27]
 [ 78  37  42  29  29  26  23  20  22  12]
 [ 89  55  44  38  22  18  16  18  21  18]]
 accuracy : 0.1264
PCA's execution time : 385.2192921638489
LinearSVM's execution time : 1109.5154626369476
Total time : 1494.7347548007965