-----------------
Displaying the final results
-----------------

Confusion matrix :
[[34 20 19 28 12 20 11 16 12 13]
 [32 24 24 19 21 13  7  8  9  7]
 [18 13 15 18 11 14  4  8  8  6]
 [26 11 15 10  6 10  8  2  3  1]
 [15  8 10  7 13 11  6  3  8  2]
 [19 11  9 10  9  8 10  6  1  3]
 [15 16 10  9  6  9  6  2  2  4]
 [14  7  7  6  8  4  4  2  3  5]
 [15  2  8  8  7 10  2  9  2  3]
 [14 15  6  8  3  9  4  5  4  2]]
 accuracy : 0.116
PCA's execution time : 137.89553594589233
LinearSVM's execution time : 10.642182350158691
Total time : 148.53771829605103