-----------------
Displaying the final results
-----------------

Confusion matrix :
[[ 17 152  12  15  32  20  62   9  35  24]
 [ 21 117  23   7  17  13  27   6  51  20]
 [ 22  72  27   6  14  16  39   7  20  13]
 [ 13  69  10   9  16  15  24   9  23  11]
 [ 14  53  12   6  10  10  30   9  14  13]
 [ 12  59   9   4   9  12  17   6  15   9]
 [  6  62   7   6   5   5  31   9  17  11]
 [  7  43  11   4  15  13  10  10  14  11]
 [  6  43   9   9   9   4  14   8  20   5]
 [  6  48   8  12   9   7  13  11  12  12]]
 accuracy : 0.1325
LinearSVM's execution time : 143.76715683937073