-----------------
Displaying the final results
-----------------

Confusion matrix :
[[125  13   4  14   5  18   3 710   5  91]
 [100  11   2  11   6  15   3 540   4  83]
 [ 60   7   2   5  17  12   5 392   3  58]
 [ 50  15   1   4   2   8   4 353   1  58]
 [ 36   9   4   3   6   9   2 315   1  65]
 [ 40   9   2   5   3   7   3 266   2  44]
 [ 31   6   2   3   3   3   5 287   3  33]
 [ 24   5   2   3   2   3   4 228   3  42]
 [ 21   5   2   5   1   7   5 227   3  42]
 [ 13   1   2   7   0   4   3 250   1  58]]
 accuracy : 0.0898
LinearSVM's execution time : 424.1636154651642