-----------------
Displaying the final results
-----------------

Confusion matrix :
[[100  15 143 241  54  45 218  45  77  50]
 [ 56  16 110 177  54  47 169  36  75  35]
 [ 48  17  71 107  34  52 103  34  68  27]
 [ 42  11  62 125  32  39  91  13  52  29]
 [ 34  10  57  93  35  33  83  32  54  19]
 [ 33  10  44  88  22  35  72  15  41  21]
 [ 40   8  49  71  25  17  82  25  44  15]
 [ 28   8  45  65  27  19  62  21  27  14]
 [ 20  13  44  65  21  19  61  14  41  20]
 [ 28   7  37  65  25  24  58  22  39  34]]
 accuracy : 0.112
LinearSVM's execution time : 167.8524944782257