-----------------
Displaying the final results
-----------------

Confusion matrix :
[[121  38  39  40  45  23  16  19  20  17]
 [ 79  43  34  41  32  15  14  19  15  10]
 [ 58  25  29  24  24  15  18  15  16  12]
 [ 60  28  16  21  18  13  12   9  11  11]
 [ 43  24  18  19  14  20   6  14   8   5]
 [ 30  26  13  13  15  22   6  11   9   7]
 [ 46  23  22  15  15   8  11   4   6   9]
 [ 34  18  16   9  19   6   6   9   6  15]
 [ 34  21  23  10  12   5   4   1   9   8]
 [ 30  16  13  13  19  10   7  10  10  10]]
 accuracy : 0.1445
LinearSVM's execution time : 45.80016326904297