-----------------
Displaying the final results
-----------------

Confusion matrix :
[[124  16  12  12   9   6   1   2   2   1]
 [ 81  32  12  10   7   9   5   4   3   1]
 [ 57  11  12   8  14   5   1   3   2   2]
 [ 32   4  12  24   6   9   0   3   1   1]
 [ 30   5   8   7  12   6   1   6   6   2]
 [ 26   7  16   9   7  14   2   2   1   2]
 [ 46  11   6   3   5   2   2   3   1   0]
 [ 21  10   6   8   6   4   0   2   1   2]
 [ 22  10   5   6   7   5   1   3   6   1]
 [ 28   7   4   9   4   7   2   4   2   3]]
 accuracy : 0.231
KNN's execution time : 9.328597068786621