-----------------
Displaying the final results
-----------------

Confusion matrix :
[[132  16   8  12  11   3   1   0   2   0]
 [ 81  25  15  10  15   4   4   4   4   2]
 [ 62  14  13   8   8   1   0   5   3   1]
 [ 48   4   7  23   2   6   0   2   0   0]
 [ 36  11   4   5  13   5   2   5   2   0]
 [ 39   4   7  12   4  11   0   3   2   4]
 [ 53   8   3   7   4   2   0   2   0   0]
 [ 24   4   5   8   8   5   0   3   2   1]
 [ 29   7   3   8   7   6   0   2   3   1]
 [ 31   8   4   8   5   4   0   5   4   1]]
 accuracy : 0.224
KNN's execution time : 9.512466669082642