-----------------
Displaying the final results
-----------------

Confusion matrix :
[[261  36  17  22  14   7  10   3   4   4]
 [131  96  21  13   9   3  13   7   8   1]
 [ 99  30  37  15  14   4   7  12  14   4]
 [ 91  12   8  60  11   7   3   3   2   2]
 [ 74  20  18  10  24   6   3   8   6   2]
 [ 36  16  11  27  14  27   3   6   6   6]
 [ 79  32  12   7   3   0  20   5   1   0]
 [ 41  19  15  17   8  10   3  11   6   8]
 [ 47  14  12   6   8   7   7   4  11  11]
 [ 58  15  10  11  10   8   4   5   6  11]]
 accuracy : 0.279
KNN's execution time : 36.835877656936646