-----------------
Displaying the final results
-----------------

Confusion matrix :
[[718  76  69  53  22   8  10  11  12   9]
 [275 301  60  27  27  10  18  18  28  11]
 [248  77 115  28  22  13  11  11  27   9]
 [186  42  25 187  16  15   3   6  13   3]
 [164  70  55  15  63  24   9  20  21   9]
 [ 99  33  44  53  36  48   4  26  20  18]
 [151  98  35  13   7   1  50   4  14   3]
 [ 79  36  37  27  25  26   3  44  26  13]
 [ 90  49  38  21  12   7   5  11  53  32]
 [ 86  54  29  22  17  23   8  13  13  74]]
 accuracy : 0.3306
KNN's execution time : 205.6985695362091