-----------------
Displaying the final results
-----------------

Confusion matrix :
[[115  17  12  18   7   5   5   1   3   2]
 [ 78  35  14   5   6   6   7   5   5   3]
 [ 50  17  12   5   8   6   4   5   7   1]
 [ 36   6  11  22   4   7   1   4   1   0]
 [ 32   7   9   6  13   5   0   4   5   2]
 [ 23   8  15  11   2  13   1   4   4   5]
 [ 42  13  10   3   1   0   7   1   1   1]
 [ 16   4   8   9   6   4   2   7   2   2]
 [ 22   6   6   9   6   3   2   3   5   4]
 [ 28   8   8   5   4   7   3   2   3   2]]
 accuracy : 0.231
KNN's execution time : 9.250482320785522