-----------------
Displaying the final results
-----------------

Confusion matrix :
[[69 16 18 14 14 14 10 15  7  8]
 [42 28 17 19 11 15 10  8  9  5]
 [33 15 16 10 10  9  4  7  3  8]
 [22  8 17 10  6  6  4  9  6  4]
 [22  7  5  9  4  7  5  8  9  7]
 [29  8 10 10  3  8  4  3  6  5]
 [27 10  8 10  3  4  3  9  1  4]
 [13  7 15  8  4  1  2  3  4  3]
 [26  4 12  4  2  3  2  6  5  2]
 [18 10  8  6  6  4  8  6  2  2]]
 accuracy : 0.148
PCA's execution time : 244.31249690055847
LinearSVM's execution time : 4.887264251708984
Total time : 249.19976115226746