-----------------
Displaying the final results
-----------------

Confusion matrix :
[[217 151 109 110 113  64  51  66  46  61]
 [184  97  90  86  63  73  52  45  41  44]
 [114  86  56  59  62  38  36  52  24  34]
 [118  70  74  53  37  35  26  30  26  27]
 [ 95  60  48  45  40  26  34  39  32  31]
 [ 77  51  55  40  45  25  18  26  19  25]
 [ 98  49  44  30  45  27  26  22  17  18]
 [ 71  46  39  23  29  28  22  25  17  16]
 [ 74  62  37  35  20  20  19  17  20  14]
 [ 88  52  35  36  27  20  29  17  11  24]]
 accuracy : 0.1166
PCA's execution time : 394.9537694454193
LinearSVM's execution time : 202.36940264701843
Total time : 597.3231720924377