-----------------
Displaying the final results
-----------------

Confusion matrix :
[[99 48 35 53 39 31 22 18 19 14]
 [80 46 41 31 21 19 17 19 12 16]
 [63 30 15 34 32 13  9 15 10 15]
 [65 29 18 21 13 14  5 15 11  8]
 [41 19 17 15 21 16  7 15 12  8]
 [40 19 16 15  9 16  4 12 14  7]
 [52 26 14 18 15 14  5  8  3  4]
 [34 18 17 19 13  4  4 12 13  4]
 [49 16 21  6 12  5  3  5  5  5]
 [35 24 22 15 11  8  7  6  4  6]]
 accuracy : 0.123
PCA's execution time : 394.9537694454193
LinearSVM's execution time : 29.333677530288696
Total time : 424.287446975708